000005,065534,000001,000077,000348,017550,11635646
                            
000005,065534,000001,000077,000348,017550,11635679
                            
000004,065535,000001,000041,000331,017465,11635712
                            
000004,065535,000001,000041,000331,017465,11635745
                            
000004,065535,000001,000041,000331,017465,11635778
                            
000004,065535,000001,000041,000331,017465,11635811
                            
000004,065535,000001,000041,000331,017465,11635844
                            
000004,065535,000001,000041,000331,017465,11635878
                            
000004,065535,000001,000041,000331,017465,11635911
                            
000004,065535,000001,000041,000331,017465,11635944
                            
000005,065534,065535,000061,000313,017343,11635977
                            
000005,065534,065535,000061,000313,017343,11636010
                            
000005,065534,065535,000061,000313,017343,11636043
                            
000005,065534,065535,000061,000313,017343,11636076
                            
000005,065534,065535,000061,000313,017343,11636109
                            
000005,065534,065535,000061,000313,017343,11636142
                            
000005,065534,065535,000061,000313,017343,11636175
                            
000005,065534,065535,000061,000313,017343,11636208
                            
000004,065534,065534,000058,000270,017333,11636241
                            
000004,065534,065534,000058,000270,017333,11636274
                            
000004,065534,065534,000058,000270,017333,11636307
                            
000004,065534,065534,000058,000270,017333,11636340
                            
000004,065534,065534,000058,000270,017333,11636373
                            
000004,065534,065534,000058,000270,017333,11636406
                            
000004,065534,065534,000058,000270,017333,11636439
                            
000004,065534,065534,000058,000270,017333,11636472
                            
000005,065533,065535,000038,000247,017548,11636505
                            
000005,065533,065535,000038,000247,017548,11636539
                            
000005,065533,065535,000038,000247,017548,11636572
                            
000005,065533,065535,000038,000247,017548,11636605
                            
000005,065533,065535,000038,000247,017548,11636638
                            
000005,065533,065535,000038,000247,017548,11636671
                            
000005,065533,065535,000038,000247,017548,11636704
                            
000006,065533,065535,000067,000258,017535,11636737
                            
000006,065533,065535,000067,000258,017535,11636770
                            
000006,065533,065535,000067,000258,017535,11636803
                            
000006,065533,065535,000067,000258,017535,11636836
                            
000006,065533,065535,000067,000258,017535,11636869
                            
000006,065533,065535,000067,000258,017535,11636902
                            
000006,065533,065535,000067,000258,017535,11636935
                            
000006,065533,065535,000067,000258,017535,11636968
                            
000005,065534,000000,000014,000270,017459,11637001
                            
000005,065534,000000,000014,000270,017459,11637034
                            
000005,065534,000000,000014,000270,017459,11637067
                            
000005,065534,000000,000014,000270,017459,11637100
                            
000005,065534,000000,000014,000270,017459,11637134
                            
000005,065534,000000,000014,000270,017459,11637167
                            
000005,065534,000000,000014,000270,017459,11637200
                            
000005,065534,000000,000014,000270,017459,11637233
                            
000006,065535,065535,000017,000261,017429,11637266
                            
000006,065535,065535,000017,000261,017429,11637299
                            
000006,065535,065535,000017,000261,017429,11637332
                            
000006,065535,065535,000017,000261,017429,11637365
                            
000006,065535,065535,000017,000261,017429,11637398
                            
000006,065535,065535,000017,000261,017429,11637431
                            
000006,065535,065535,000017,000261,017429,11637464
                            
000006,065535,065535,000017,000261,017429,11637497
                            
000008,065534,065535,000055,000282,017394,11637530
                            
000008,065534,065535,000055,000282,017394,11637563
                            
000008,065534,065535,000055,000282,017394,11637596
                            
000008,065534,065535,000055,000282,017394,11637629
                            
000008,065534,065535,000055,000282,017394,11637662
                            
000008,065534,065535,000055,000282,017394,11637696
                            
000008,065534,065535,000055,000282,017394,11637729
                            
000007,065533,065535,000064,000304,017365,11637762
                            
000007,065533,065535,000064,000304,017365,11637795
                            
000007,065533,065535,000064,000304,017365,11637828
                            
000007,065533,065535,000064,000304,017365,11637861
                            
000007,065533,065535,000064,000304,017365,11637894
                            
000007,065533,065535,000064,000304,017365,11637927
                            
000007,065533,065535,000064,000304,017365,11637960
                            
000007,065533,065535,000064,000304,017365,11637993
                            
000007,065533,065535,000064,000308,017505,11638026
                            
000007,065533,065535,000064,000308,017505,11638059
                            
000007,065533,065535,000064,000308,017505,11638092
                            
000007,065533,065535,000064,000308,017505,11638125
                            
000007,065533,065535,000064,000308,017505,11638158
                            
000007,065533,065535,000064,000308,017505,11638191
                            
000007,065533,065535,000064,000308,017505,11638224
                            
000007,065533,065535,000064,000308,017505,11638257
                            
000005,065533,000000,000044,000316,017526,11638290
                            
000005,065533,000000,000044,000316,017526,11638323
                            
000005,065533,000000,000044,000316,017526,11638356
                            
000005,065533,000000,000044,000316,017526,11638389
                            
000005,065533,000000,000044,000316,017526,11638423
                            
000005,065533,000000,000044,000316,017526,11638456
                            
000005,065533,000000,000044,000316,017526,11638489
                            
000005,065533,000000,000044,000316,017526,11638522
                            
000006,065535,000000,000007,000292,017470,11638555
                            
000006,065535,000000,000007,000292,017470,11638588
                            
000006,065535,000000,000007,000292,017470,11638621
                            
000006,065535,000000,000007,000292,017470,11638655
                            
000006,065535,000000,000007,000292,017470,11638688
                            
000006,065535,000000,000007,000292,017470,11638721
                            
000006,065535,000000,000007,000292,017470,11638754
                            
000007,065534,065534,000037,000258,017443,11638787
                            
000007,065534,065534,000037,000258,017443,11638820
                            
000007,065534,065534,000037,000258,017443,11638853
                            
000007,065534,065534,000037,000258,017443,11638886
                            
                                                  
